50
259 124 198 505 -394 197 -717 -404 -233 977 737 -406 -929 -153 198 827 68 -995 394 -194 -668 -345 571 -989 -482 -381 604 -139 -811 -96 36730
637 347 133 -577 988 687 74 874 404 766 -962 357 618 102 -234 -414 912 500 548 -314 -400 -913 495 -968 -595 -253 822 -539 862 -947 834824
-763 -697 875 789 -248 -118 459 935 391 306 -646 177 -680 193 269 328 -91 852 -192 741 582 -168 -759 -882 -379 973 -280 -340 -741 -508 315163
-596 -376 -799 834 755 405 -57 -832 487 872 -767 743 391 77 266 -438 845 149 -23 -428 -891 -816 537 231 397 -102 918 760 146 904 797691
953 348 -937 219 311 -648 100 208 -490 72 129 -709 -39 332 -162 -324 -807 -355 -230 -7 -984 -485 -57 931 -817 -315 569 161 -185 456 9529
-118 -462 361 214 -455 523 -341 824 -893 911 520 974 -261 440 385 618 310 -839 636 221 -185 -225 -523 -156 148 -335 -89 589 -755 -516 508488
696 301 -580 932 -89 -564 272 -218 264 15 341 -689 658 -100 -952 -93 295 595 -580 200 -36 -165 -426 230 -215 271 -43 988 -250 666 998668
651 428 -885 -170 -853 139 -914 968 -602 -125 -245 -353 136 231 -436 905 825 974 -989 425 -48 -650 -947 977 17 645 93 -332 557 282 509876
234 -800 -86 -827 -851 550 -509 73 793 -375 -858 267 552 594 542 866 -696 887 105 666 377 -419 458 -615 -461 255 -339 -308 96 733 653453
73 -853 -303 591 -513 -867 247 -337 -473 211 -617 55 -555 358 -670 943 -856 96 951 -291 915 712 490 236 -192 -747 601 340 -314 -148 686241
867 751 -754 -344 -232 861 561 -94 444 788 799 -127 464 311 727 -131 -794 317 218 456 41 40 -984 -103 -216 382 -627 -766 654 -216 821380
956 175 -772 -733 -612 -620 913 -305 -549 -281 -561 -67 909 264 662 697 415 798 230 958 357 77 774 156 567 -943 88 344 -630 969 634006
-371 662 -53 -633 -207 -222 -748 -309 -604 955 -882 -95 342 910 574 766 168 -38 -748 903 -529 669 -817 474 -262 -277 -392 -480 516 -232 654243
249 -632 570 614 114 -432 406 174 738 446 -870 -58 -256 423 -394 -95 562 -434 -57 -182 -405 664 -515 299 -656 789 -246 146 -495 762 834746
610 -918 -983 756 -214 305 -939 -370 -315 483 992 975 446 -103 -79 736 -397 -812 -986 525 529 -577 -971 563 -970 -328 460 677 123 29 236872
-337 113 155 468 554 -584 -267 560 554 -836 -229 -702 306 682 -581 -6 -606 -890 -407 -869 344 889 85 644 759 502 -186 521 669 -670 647724
941 -963 -382 810 503 932 606 281 532 99 26 -492 -947 -351 -438 -349 988 690 842 -186 591 -816 407 -57 916 471 594 177 -220 280 865916
88 19 -86 -790 -976 -205 860 261 651 -869 279 247 912 471 731 -29 273 -179 -94 615 960 -59 852 855 -141 -35 -890 593 14 -633 55930
-860 -208 -485 -935 835 560 209 -291 -836 883 -882 257 337 -214 -456 -757 -155 -236 -336 58 420 7 -233 -509 -359 638 310 -461 869 -983 45208
185 -831 -952 577 -196 852 606 162 -76 997 174 -222 476 351 581 -436 -695 -855 -319 -192 -249 397 -688 2 -545 964 554 -834 -956 498 227017
45 873 -787 -511 -173 -95 533 791 -213 578 -463 640 869 242 338 954 735 414 -963 961 31 702 -445 68 -292 148 -505 -206 -152 995 128698
877 366 -266 -754 -265 -223 -657 -541 -692 54 516 -439 613 -921 -716 -891 -153 184 578 601 877 368 -949 669 899 181 509 636 962 -52 993001
-539 -108 738 -933 652 773 789 -233 -762 765 -17 -51 961 631 -935 596 -332 816 -601 -581 561 801 533 -496 -846 -169 379 739 866 652 913234
-588 551 -388 -15 -271 819 565 -163 663 -733 -926 325 68 -590 -184 51 482 526 574 768 -303 834 79 916 -481 485 -672 426 449 832 177564
728 -676 228 -792 658 736 614 -189 -596 830 -728 659 733 4 372 612 60 -433 365 -872 -523 37 633 684 -404 -403 824 -156 724 446 639643
904 796 -326 569 -974 14 -188 -892 325 -370 -722 -39 -687 -648 -229 -121 421 -472 482 -187 -687 -428 753 -80 -662 833 -34 177 670 547 251885
-556 18 991 -484 836 -573 -850 -87 -111 730 -588 717 781 -849 287 -706 850 -394 550 -808 877 86 87 -775 416 -765 -305 -71 -490 138 626770
-571 569 -628 -317 210 -284 -869 -552 -971 -837 242 -425 -794 -753 -486 179 6 -135 230 760 18 332 839 589 334 -728 -860 650 -660 314 1263
-998 914 634 472 -838 214 284 672 -45 631 -252 -336 781 523 808 14 913 29 629 142 900 34 -140 175 -914 -833 399 526 447 -453 375119
869 -927 -215 219 -216 -845 -566 144 263 -614 131 28 456 -492 -92 -111 -719 138 -791 -173 760 -544 -975 668 -920 -179 -362 -490 721 993 65859
274 1000 757 861 954 -14 503 -195 342 710 -253 -660 -289 175 -662 762 155 366 989 109 -632 -815 696 -954 253 -412 739 926 -145 388 784922
-777 -279 -910 167 -929 649 191 -794 -597 -272 35 -448 -602 -314 939 -564 -27 -382 -750 -251 -53 956 -850 618 844 -119 -309 -249 -641 -140 422013
479 -193 -67 -277 -528 196 -233 -530 -161 75 -475 -67 938 -86 -627 -692 -76 -594 -692 -379 -69 -855 414 -888 -947 874 -523 378 277 -813 284362
540 477 -803 971 27 943 145 262 740 665 798 909 -551 -123 500 -415 -361 -142 -664 315 151 604 225 553 307 191 18 -720 -949 872 197939
134 214 963 510 515 -572 844 468 690 883 -159 389 993 -167 -800 -422 913 -202 451 588 -213 450 -418 906 -852 568 -839 -605 -838 -858 613330
-73 481 334 -657 790 508 353 624 -753 -607 926 984 993 671 818 843 716 -223 -845 399 -310 611 -556 -801 -39 653 556 -685 -515 -856 190732
93 -350 -334 229 -445 -222 661 105 -862 806 772 614 -43 71 637 459 -806 697 -898 -563 222 893 673 -552 589 -727 806 404 660 -673 611626
962 573 -237 189 7 -441 763 693 -718 469 270 203 -555 274 -261 599 -173 -964 213 -93 -307 785 -985 -618 688 104 245 927 -67 740 227710
-198 -376 -675 -714 -529 295 82 9 -108 272 -448 -976 -353 -629 875 849 24 -761 95 -783 254 -556 -267 399 -481 -434 -456 504 331 115 802052
-824 821 932 -42 370 614 -502 66 -566 438 -214 258 -228 -525 791 763 925 839 -964 570 -797 -492 -545 -730 433 871 370 372 -985 128 851026
-436 956 18 -702 100 499 -521 527 42 -206 929 443 753 974 755 419 342 -805 -959 -429 518 -335 660 -133 265 -485 -930 -640 -794 254 541147
-14 -405 -380 255 537 35 -825 299 -479 -121 -272 425 578 408 571 -166 -459 242 991 -38 -930 -464 -547 -724 -550 370 -884 229 166 -679 245078
-436 363 -773 -128 -809 -595 -157 -916 497 522 -644 554 -510 310 -642 -185 -810 -122 -296 -315 -117 -446 608 700 452 229 -199 -565 12 -547 789677
476 183 -314 -991 447 480 244 597 951 693 274 664 759 -880 305 -357 -606 -395 -288 -959 794 -938 -131 703 258 914 62 271 -349 377 165484
-168 -505 416 107 -476 -55 795 -705 322 -481 -955 71 -696 664 -312 -356 149 -680 499 -178 42 851 888 103 980 -115 348 150 151 -881 617882
342 357 548 844 612 409 866 -775 -905 -797 898 904 952 -750 633 810 -993 -104 810 -465 -851 538 39 426 -174 -898 -575 190 -860 -509 829058
-416 362 -138 -640 -531 -201 -941 -411 -671 174 -192 832 -646 110 -264 953 643 -7 948 -525 841 127 -917 -959 706 -623 -215 588 -537 -189 554626
-372 -347 985 -994 -539 721 -173 -482 770 -294 649 496 483 298 -581 -956 136 111 432 263 240 -856 509 -620 -330 -843 949 82 395 444 569073
-156 165 -250 395 -150 -810 -741 -657 -854 969 943 -763 937 -400 -628 -533 -270 -298 -66 309 529 837 -44 -952 -734 972 -122 346 588 174 223215
-477 -853 -926 -264 -629 -96 470 -162 427 741 568 -42 -26 562 -168 -879 -975 748 687 -344 -553 365 878 612 496 -654 876 417 462 595 660485
