100
9735 5951
6154 1968
1556 509
29 3281
3101 1215
4125 1936
7727 830
1073 6935
3637 4441
7733 5091
1593 1670
3644 2713
3143 8851
586 2242
589 3877
2126 6515
83 770
7258 5150
8286 3907
6242 2637
8292 473
5737 7189
111 4718
4722 7629
5239 883
8319 7640
4737 7436
1678 1994
8847 3285
4752 3026
3219 7397
9376 6067
6312 9129
4267 2677
1196 4072
3245 6411
9391 2655
9392 4417
2237 2132
7875 5523
2246 3325
3275 66
8915 8536
3286 8307
1238 8910
7899 1530
9454 7660
8946 2296
1269 4763
7931 2634
260 4117
2310 7696
3847 3036
7434 7004
6410 70
6417 9143
2835 6777
1823 6247
6432 6226
4403 1045
9527 2151
6969 1560
2873 9513
1854 949
8510 6200
1342 8203
8009 3534
4427 48
350 3018
6498 6874
9079 5914
9084 9334
3983 8512
8601 4348
417 5624
2469 9614
7592 7714
8105 8420
7596 5187
9136 9885
9142 5410
4549 3722
4551 1486
8136 2531
463 498
3024 3101
5589 401
4568 150
985 5388
6622 2266
3041 2953
5097 5304
8686 8958
5615 542
1012 2905
2038 5578
4599 2462
8182 1898
6139 2727
8702 5323
