200
4097 3521
1538 5112
6149 2742
2053 9969
3591 5992
6662 717
9734 3438
1546 7686
3084 8374
2063 2299
6672 3140
4113 8816
9234 2096
5145 4432
4124 8109
28 4790
6174 3791
8740 2318
3109 4440
6182 6732
549 1780
4648 8771
4649 8031
8234 3110
7210 880
5164 1847
7212 3866
7717 1967
5686 4658
570 1983
1596 1177
63 3328
6720 3444
8261 9571
7753 6008
2122 4208
3149 2598
8269 4314
2126 5869
7249 863
9299 2573
3671 1246
3672 296
8280 7388
6749 5947
94 6141
6242 8744
4090 9233
5221 468
4202 5432
6764 2446
1137 7573
2680 2993
8825 3704
1658 8753
7805 7233
7294 8781
639 8563
8320 9200
9855 2209
9858 6983
132 7476
7300 6516
1164 3104
142 5575
6289 9375
5268 2633
5781 8147
8342 4630
9368 8949
9881 1011
8857 7268
8859 6036
7843 1852
3748 1700
677 1710
5286 4359
3240 3283
9901 96
1197 1449
6321 5102
179 5163
3771 5472
5825 4407
5827 3333
1731 4667
2245 4153
1226 5362
6347 2575
7883 2777
203 2771
7380 8457
3285 4028
3287 213
4315 9195
2780 8775
9950 2384
2275 5286
7398 8051
5350 9865
2280 5670
7401 5516
3819 7923
752 2673
7413 9689
8951 1197
9465 3383
8954 3860
7427 6566
7939 5774
9990 3360
5894 7026
3851 2950
4876 3471
8974 6315
3342 113
9494 3726
1820 3244
2847 7509
2335 1547
4385 3932
6431 5533
8993 3184
2343 1860
302 1646
3376 6533
820 5902
5434 160
5947 3758
317 4390
4927 9246
8513 8061
4418 5841
9539 5714
8005 7404
3398 5773
2888 9147
4425 7790
7499 8849
2382 6588
4432 9269
8017 1146
9562 824
6491 1411
9050 4591
3422 8503
8544 6597
1890 5863
5987 7984
1379 8108
869 5629
8549 5641
6505 5980
3439 1245
885 8108
6013 3231
4989 9471
9599 6790
6016 9045
6532 6743
6021 782
9606 7154
5512 7146
1418 9566
1932 8270
1423 2021
6032 5952
6033 1532
915 3948
405 9257
7577 4463
9124 5515
5034 3372
8109 443
6577 1906
4532 9983
4536 7750
1470 6381
2496 3628
9157 2909
3015 437
5579 306
469 3787
3030 2789
7640 1562
989 2591
2013 9215
7647 1013
9194 5619
4587 6447
3567 2064
5106 4440
9203 6717
8179 1194
4084 6066
9204 5436
7673 875
5114 5907
7165 5879
7167 6052
