300
-87025904 -287158905
577292650 958990396
821648595 -508661983
-100861017 -532858936
770690661 415555224
-569077098 -245089827
785007305 -793137385
599540840 586763518
-834382457 -494430153
-208276176 597968483
-61540327 901362563
789855763 -889176531
715577316 97886448
-539729516 3347844
-699906204 -711296625
100368232 525385201
962674724 197621365
-596217885 -798809961
673834401 219940637
153660958 278915365
25647417 -804596390
-292255331 -360237449
247684848 338468666
-649565292 -725216733
56108105 648803623
526043987 -996329779
-875342928 77951654
363458218 125592905
-726103057 254460215
951749643 20496902
148444261 937594339
161335027 835058897
-200193310 -88638136
208557622 -516550160
880120874 435609518
-338411550 357561022
-38643795 -980858585
-996326007 -648348266
-350185809 -52609601
-938403873 -474386982
-669263768 380760096
54800405 -827555646
897014286 510918975
264658452 505747045
-635362813 972514124
484816625 -792271180
115231164 -581181891
242575022 -990097918
286517076 -789853925
-774106420 -645470517
126774957 -553397033
-937944620 -683306827
-703163576 592218359
-896449131 -15459429
-217419896 397206781
957692446 182652456
416810308 -806274606
-752165483 510805185
-599431659 -160785694
-33946062 -347711621
-877553998 -327558673
-148494735 601903125
213395813 -236270920
-588448749 -583026711
678030667 -737175471
-211263473 -99720369
-394995642 -850715721
320426572 415728947
-234446975 -968158524
327645154 -357152094
-981045648 -629492648
48533849 -928090570
169596825 -790650462
-814301876 -912816489
317296944 -889307785
-14368142 -317545407
610893091 -496941749
-458134629 -946364642
390474406 -646410536
942519261 -667353964
-800329859 706041796
-82021752 808094687
686783440 -666149722
-159657217 -301295831
-596300313 847709149
148084837 -232837200
548172959 -126218683
-500078717 -886954092
494014036 -87385292
-778286549 -841753467
84361747 -809142451
-28116041 327489979
138505215 153102293
-329474665 608868966
440227938 50896124
998995307 -222707613
-825401143 473496286
-991767630 977940076
-761312268 212969155
975108544 584650833
645379112 -532195136
895614446 -659216497
-128666720 282388021
47665337 274403385
854839621 -389840114
3897393 408887939
716300727 -597003435
490617532 873466747
26467079 -315502718
-373887991 944653775
-246884997 867071854
-954212660 937656441
-25391531 -859973186
132672558 -404793063
691000906 949655723
-586447572 -633467007
-438192102 -284157637
-650188502 21176394
-560222938 -272300132
-108670815 887341034
-740723029 730432308
-163796915 456786900
654925234 -178699724
-173635651 -83073820
-166702379 -780000348
-786721597 973748667
-619553790 3246004
-601748950 743434538
-661790720 -25194906
-973282507 -499049932
265851887 161448207
-349852051 -710910510
336026215 -794856207
-591121485 -988093329
-813757233 -566481250
-561323349 -525225319
529135731 976517161
551725506 -917459848
-795152179 218527436
-106196123 448381890
367076839 423786425
-702096656 -222455191
-767516697 111716473
838813785 -193973618
-396332963 -510444112
509589235 498924029
145492402 938700108
-35493014 979084738
-181000573 -671994863
912510065 -431215084
-897221093 228038619
775568544 -755386301
-569067814 -193028648
76378708 -550672555
-60420985 224772889
-721651709 -475513815
-277199589 -841084108
503477410 -898643295
92716 211622859
-734548252 -610508136
-901149257 -309163954
-729578840 121320142
-899276117 937095580
-466489361 -571932996
-539947912 -319367420
22279598 835099480
-3872541 -405080207
128026857 108045736
-690135970 -222652437
-774360766 -684135512
-362590446 -676762524
-58791922 -839808255
567024005 810245156
259829546 731961632
423739090 -535472922
547650034 -472780507
363470089 -832253743
127765738 -245359580
-967729263 776606661
957608452 23930404
979087295 883897943
16755616 -350807248
-379737057 -876582893
-859866687 106702838
-767611295 592958102
-512765057 309478228
181980475 -633234387
-110724897 -184649011
153541163 725495856
-710972578 288541374
-660360485 942385760
525450639 502901149
-774545835 -964402661
-358128154 937995124
-58504128 -284726223
402546729 979730426
-972845762 75531026
-649579437 -95689767
-478019137 -21433321
707186126 -288951268
-271896099 -237847338
-238381587 -717433991
-726981497 -960296796
-932623700 487681599
-260236261 -260994631
914586408 365242497
-165514967 728708785
-339714225 164833923
866099473 -671553159
-301166579 -952108456
-999139961 -89389632
67074172 606089807
-526813707 886600481
172233877 -769029122
-33930279 231737262
413715809 -907272223
858351910 -339872310
-251079505 830228386
-657315348 15945997
249249937 -262746357
-783145855 408248409
842896516 -99783425
-504869682 325555325
-748275865 894214005
-458062003 -336732265
-474737510 380784556
513629718 -236582668
16106821 -632158415
-685662998 150905529
501105234 -949092011
-755541249 299197138
68774133 -327890136
-731790899 -281377878
-218696448 -670068605
-417114013 314463776
622431309 -858842547
575743520 543784064
-418543512 615340401
-707197241 -800432395
-712704682 -535993349
653595556 576039411
424860634 -76408618
487310770 486926489
-426445480 -752958441
24439737 68240550
26875191 -546700784
-850167567 -834784388
845140977 735549652
-183174337 -692104836
-634753455 -135426022
382586072 81780673
349154042 -270631311
-366448504 810030627
-503382605 390938960
-645650392 699424534
459705691 -963488018
-683316401 -640597308
494854834 -253633062
-48620521 929945674
500371657 -61780543
940271445 -687715487
-947619404 -733263140
726645020 -122078342
235593576 -441620212
686795858 168624823
960929797 -120536688
102152650 -50652135
-108959581 157742168
587079915 -611646795
302909676 179102124
415944845 519128261
-873352634 -341991619
50616717 -837569810
192094011 -580233538
-457331613 109980397
-171888940 775769593
822366643 -692344458
745747427 -32093027
-263526226 -214912849
-216274408 331484030
-282247003 -492984573
-664532375 342268555
481249260 -363081756
555675996 630697754
837819011 827860410
-882914187 -808187393
-357466857 -44753272
-65252214 -387489447
-280618019 190341212
-161444352 589352378
949995170 902408816
582407759 -246524913
-35549811 939929599
475613214 -119973523
-857581124 -272313585
861626662 66475967
312273888 892555084
-860659693 20985914
-754369621 764737487
754045812 -638234355
