1000
-231546 -102507
-78779 565979
424467 -204161
-913539 -596471
823547 -499945
-747564 -92012
-41713 147571
-595311 -871306
-548485 45136
113919 -368627
246768 680583
-996638 -406442
352768 231332
-864401 977702
644607 -626827
137060 -818979
-222526 91325
543061 798939
251369 657853
-843001 -906136
329867 -71398
-97823 958231
-483101 -475669
2793 -443956
2311 -88807
-524155 292280
-95645 -601381
718901 845311
-1986 -719231
-601906 -221090
673310 -157144
-768910 815814
-582853 -118056
-30506 -889906
389856 509912
-755028 -539252
854513 -632175
153089 -866227
686863 -727570
369335 90925
-964251 -658052
133880 528222
-123684 -509495
-778298 148620
874723 -859244
-458348 -645534
184567 14946
-333163 -582810
-749827 -569042
-477391 -816105
-661286 315354
434760 -753481
65195 -411730
-80559 943516
266839 58311
-471887 308835
101950 -672534
-197201 -736738
-183997 829695
-245099 -872134
562721 -450451
-400224 921489
-427046 -30490
-15203 -488883
-540478 684855
-477042 -905609
8810 -218184
82755 551589
23505 459103
358208 -309107
-81019 972267
384440 -902523
872881 370896
42110 -757008
420715 317472
-999215 488940
805434 220588
736428 856428
-288486 497697
-325327 -370436
492158 582617
229745 -158633
-578194 973918
-143699 835284
-849075 377036
-530745 303759
944299 190656
-871523 -248485
574867 -818328
575483 -855876
-432750 338626
-139230 -606015
765033 -406976
517554 -938964
-27719 -304438
-421836 -743720
-339939 -704521
-500246 948215
-122821 -526280
377233 696632
-311777 -186199
-812120 -370941
550190 800996
635192 712242
-546239 574840
-772584 -164059
-381183 -570849
-897944 558913
-359389 -913945
494822 -679755
-535857 61325
31154 670567
847812 -8191
-310992 -380128
-825385 233917
-781953 -347701
-381305 -778774
-268389 -446242
855275 -794175
-99343 523830
355762 646624
-344598 -177456
314974 -391427
488241 -196370
-729979 -819532
-245877 964161
-692533 -289564
694477 -843933
938589 -714360
-923810 879892
137971 533589
412412 197495
-335203 -597853
-414576 766739
780396 844734
492311 35318
472403 -362619
822995 -860375
-346705 -191016
842609 608891
-391390 310405
737268 -242187
-512571 176957
-531618 643275
-620907 358558
419860 996622
139752 273088
915707 -634405
912754 -324960
-976759 -473922
-80153 -636961
398259 282831
-706770 590430
800377 -942762
998260 55750
198528 -590811
686592 -82482
-716142 -689273
938098 671021
-526512 774765
858206 839214
74828 -545317
-559386 -670737
-251907 327649
282723 -967972
118304 -441166
-276091 -557742
-79340 -732133
126029 -338758
-634483 700990
-46375 -125394
422692 -621619
271167 -431873
914446 866736
-499136 781676
287306 736654
46687 896502
321847 108531
-176779 -296703
-682510 -784490
-200786 -215561
-176814 -657409
-899810 -570185
628844 -328632
-583896 491811
-276437 248943
-423033 18028
-447534 -640038
78212 912146
345421 730796
198565 -31063
-504145 962627
-545635 527571
333865 -23055
245730 -893096
775152 -531309
-296539 499510
-71358 -824182
-566328 -210628
630519 824008
793634 -569236
329301 -218649
-839147 -187027
-789278 112294
-438843 581810
673834 -845179
374653 -889681
-588278 -468834
-467063 -879967
-641675 977709
-288731 -701358
-118937 650633
532233 290386
946801 -734155
351159 -456197
15116 798227
-662112 948044
697075 -951340
82803 783717
-522989 -407738
-307486 -336407
-963412 -231171
-843916 -32524
-641653 -943619
-620030 -607872
715468 452275
-277847 -586656
-376108 -404261
-426414 -876823
473270 -100816
106100 369440
664363 -329033
-12093 218372
-437220 401279
-947098 268492
-728418 -424017
-882429 -780282
131804 648021
-313878 -119371
-507350 -382118
904056 -299524
-847793 -285208
143410 -281646
469379 519968
789308 -723575
-291199 -309591
304288 -761146
27291 -828575
-587998 214040
383856 545999
-710705 -638879
-204736 33638
230827 50319
-192410 665661
-124894 871818
724691 -401680
125746 336979
-504484 -712439
301125 -992612
-162784 -707662
858453 311632
962213 842601
876118 -234351
-255504 796276
-151884 44249
142405 -581639
247014 -343809
-864813 798047
-686134 982350
-217029 803729
-336375 -33042
-379420 55740
577679 711988
660317 476444
-335221 -73772
651289 330233
615647 5159
-233747 -293620
-774818 467824
945961 642280
-891053 202597
-265347 -99352
998898 -279963
-776403 -876185
180307 -477309
340425 -383488
-912674 262332
18677 966859
750323 -275016
-294093 543000
-291092 -782427
999503 550530
-27235 -224108
131662 946098
-268863 56309
-722530 -591138
-644095 55617
-533451 -872760
-996892 872727
-354690 -284997
992782 -958974
-825071 158237
772525 995157
884841 170233
768388 255626
-435324 151651
-236288 912328
727149 -768654
556168 -484307
-958677 -440565
-261435 -471261
-347193 -765348
356656 115594
891234 -653521
577456 151324
887480 101764
-112335 -804591
-77906 679598
384799 -659187
-890355 654511
900740 -481964
755594 965410
939090 357886
-207599 750154
-659097 -99293
988571 11145
-691611 913814
-826718 93580
-517901 -437731
-500243 307443
-450037 794333
-707595 -713786
543363 29534
-353815 -521318
-602909 -328646
189142 -784436
-988568 -383859
690939 535247
-871439 724740
-140486 761490
-562221 -488718
903676 509613
-496159 -918359
-297117 695996
-917645 -821056
-105194 -683605
-281325 847072
149763 703652
-465801 -529302
966576 -970280
-855907 555745
462365 566398
136722 -646973
-138352 740234
-842421 936602
-206319 -732023
202753 -133339
175317 -447094
262265 249160
152615 -827983
-721408 801628
904118 -234968
834450 51976
210694 -398214
922923 -586834
-452375 236336
-28165 312773
-92858 -407553
-602853 239151
291481 924619
-29211 161856
-414699 -124255
228952 321930
-669668 534466
753293 -800807
-324476 111475
-124538 -840905
-417291 -577706
-735706 72367
883640 428087
-42506 -361170
48251 110402
-354740 353309
-644980 6956
86781 527891
-348840 734810
679943 754871
-114096 -190254
-928319 361294
-84828 314094
-449617 574184
-681874 802438
444299 8752
469998 514278
340804 983550
-52212 -35102
-40409 -590033
932278 -166973
96067 79286
834471 -726
578473 -927554
644866 -806779
-532509 959299
887497 -312552
-850983 -757830
-108700 528546
-765386 304641
-677205 -439296
470362 -24933
482013 952589
507836 154128
-928993 -701660
490222 -656835
328175 444259
273351 545096
215077 73711
546854 376759
711551 113050
-496438 996514
-786528 -188810
-555557 -599395
-492062 763710
-780407 -97132
-370244 542426
-370343 677038
-486116 522387
620245 -199316
-428711 649920
572639 -730943
-699903 573398
233249 -808207
638510 -597529
-684970 -769840
-712406 252046
663729 -588824
-611216 -805905
-214375 -126330
-880340 -821065
-515927 -43349
897285 642435
-872363 945505
949117 -984994
206902 380694
-626373 723165
666722 991734
603388 -185609
-554462 -284173
691423 612078
-659955 864449
325392 732103
834840 -213903
190840 348392
-684132 -880566
152467 -772767
-643310 581521
-628994 -455436
25702 173345
316738 -108959
409170 329926
-963798 689780
963991 -518827
529795 263291
-728490 908601
99810 769138
980611 -152684
-941837 -478820
548030 70583
753351 -740921
693489 573711
-134186 -207379
-9067 750278
-180631 -361142
-254242 914578
336300 234714
-482918 194988
-798105 954534
629070 -109207
-945984 738142
457113 290095
988453 493098
-13594 -917091
-658830 -31085
-648927 790102
-652686 430017
-244172 150459
542748 17779
505179 84923
-48787 599449
-158340 920815
-850569 865575
69506 -415204
-57818 78055
80828 516156
-344205 -380133
-231305 -272652
335170 -982971
375050 -476885
10683 181333
-916280 297563
978972 532513
-660590 -978214
-901895 -31174
62116 -838564
250907 -95242
-276390 -351529
-974225 8036
-160246 -823935
-137099 875061
537152 -950699
-905624 190300
149606 -275367
-787729 -243173
-699724 -777378
-917992 -319576
-352604 647189
738482 -197805
-589397 -560193
943152 539627
804002 181718
-317775 579123
811150 476149
-378410 -165981
-889532 -134967
-434685 -134068
587525 716758
-380651 -246324
-106685 -881291
-328106 867590
679939 877998
-997361 -949076
725359 194512
-854376 912962
-851344 -140482
-125862 137345
112308 -366807
34622 -976526
443029 -633744
531792 878959
869799 387843
-131539 -701847
178749 -531432
-719470 895564
338961 10928
-989775 -290436
-310631 2132
939677 -953387
-666077 394901
-870495 -289514
-676055 372795
841780 263432
-450350 587192
117496 -616421
-838512 -479956
-502978 -741095
931237 232454
182369 926126
-721392 718605
113459 49880
-334223 775641
-540976 -444027
-692173 -565209
595095 -582667
808662 578442
-394263 -321598
-40475 -745292
-884157 -361750
-587197 330777
420853 602727
358327 -634968
993841 -598465
-75348 -317690
-931076 860802
-278596 399770
879212 186384
-312717 -915377
460060 -531323
-862190 719667
350047 88731
-481200 866373
-213615 57402
313432 -460089
160394 -560514
252734 351451
-327790 635772
-195948 838640
876787 534785
-321676 -728743
250015 -582653
959100 291379
-10996 149469
776823 -492633
-196300 710873
436854 664300
325296 638011
-703791 758178
-695824 228646
-402605 60155
540767 144759
967977 152004
945524 -577792
-524998 -67309
-299929 -325751
-882829 457444
37463 369299
488894 -222002
-200176 386793
722003 707692
-979004 -852893
-692780 -507744
-863591 -311643
-688019 656978
-211751 -751839
-320414 -329242
-785002 -955599
696481 -986832
501428 843928
-184649 -215927
-417321 -231374
949990 403081
635668 267527
576603 -71186
-867702 -487257
751958 899462
744685 -782142
-993163 -307051
460447 -820439
-751868 199683
701451 -910598
374913 941816
711260 584520
640289 242695
-815685 -779422
455081 -539178
829305 544862
997397 -804593
185652 416266
687123 -733735
-485008 432355
138787 -387644
-213573 893736
835657 988665
-464958 714055
-100910 -840743
776696 689997
-291738 -356739
-251894 19545
-276766 -719375
259535 707510
-87339 -777165
-539406 389607
17702 -429408
648150 -24060
-699890 -684412
-197036 -52633
84475 -780819
-984743 80943
-262169 675245
-448066 -46597
345961 -445974
-511618 591797
931100 482591
291484 -808365
664245 -660742
91342 811875
-447548 -731665
833365 709028
621865 -282323
-846914 971510
27983 289638
102506 -484275
-844513 -970755
-396350 740005
-269543 -937425
853423 -433020
758711 344436
922688 -527069
-655350 256414
-128556 351130
-875408 -863392
424244 834525
298979 -865560
-348991 529156
109664 134736
157863 -113651
567550 -170033
-33245 -716925
238425 -460604
-125903 712783
214243 982071
-64337 -819786
901567 872150
-222942 -372811
766419 -266926
121366 662874
-151846 -538722
130650 -98507
366616 -950490
926811 -963117
-454726 -480423
-468653 -612719
969338 -164130
821828 -816886
345483 663727
-455509 -717791
-94338 202208
-232581 211851
310115 79534
733614 664510
-845721 281821
607555 -454362
862996 -417347
-520810 94754
-739859 -770548
-881073 -423832
507906 -206375
-700535 896324
-756453 -645542
-569376 -736226
-70110 -455843
-715951 -851433
-478471 555181
-291729 -111719
-252360 941703
-730973 -636742
-877954 677021
-115689 -552097
680309 597812
670968 -862799
-482971 -627075
202779 255044
282348 824924
-374665 260432
850510 -46438
892881 -535388
-472574 690139
-846386 -783003
20927 390360
-893277 135989
821980 390900
-612328 -226202
898082 560492
-790477 741962
-986500 -154279
70806 -214588
-973693 971992
967463 -559871
492867 189700
573899 719956
578923 -402672
-923545 -362525
-104007 806988
-898967 -638678
-432408 -247471
-644662 -403115
412346 -637585
-198922 -299270
465760 220317
129026 -330714
-797109 213100
-626025 -281458
626497 181313
-845647 178448
93090 345168
-634859 -297489
-669848 504129
473268 -119702
-617247 320346
-373943 -72650
-142783 772314
996903 778409
229736 863400
-547829 306961
-613028 -979351
-373157 356608
-601923 994889
93366 214803
331252 -239660
442023 624971
-797765 -712745
217941 -785751
-648833 894327
-610757 -359885
-883023 212802
10926 835311
-922342 280089
-383768 435085
-573146 -570543
611400 -171039
498455 -805047
-862339 612229
430882 -4426
-489650 -588715
-430453 -656427
442079 450629
532406 303181
649014 537611
-696575 -308904
148626 80915
325849 -993000
612355 516624
-531595 -660890
721711 955176
895290 -772921
376131 -836175
165401 406135
-346383 -62138
-393921 -9096
-20430 380360
-71332 455052
211866 -478902
-319313 562558
239772 960589
-901071 -149192
-476753 164357
-893917 -66753
-894419 -189611
-19106 -349575
740637 -634885
-769058 -668209
691127 429594
461747 854255
-886796 790858
-80324 550051
769667 -648753
875202 994372
204541 -167738
-923406 -462361
-388902 19309
947686 656901
-167850 -530301
324307 -210833
-617547 337646
-213441 -313758
-515135 -671479
550955 -111258
385499 658817
-234599 94881
-47307 -331849
921654 189495
-89312 704441
-526335 262232
1504 450698
505007 -255033
948507 -712508
312220 128178
224530 -434373
742578 959026
-724200 876125
-770585 -564032
-269136 664296
952349 -564857
-922705 501482
807676 982418
203809 -72571
-280277 -481998
636295 97049
893806 -300566
738340 -392335
240122 611303
373803 -27571
435764 -401381
-600353 814710
484992 -405479
-622391 -879819
524519 520807
-793195 186416
969743 961420
-974044 435704
-638600 145192
-59913 913616
841406 -975565
-11034 575804
455817 70876
-975189 654135
205646 -383955
124988 -519126
169622 870789
-919760 66779
601571 883227
713628 -190499
882935 152108
517668 782079
431315 -737480
614865 -732311
-368576 913645
110766 507350
-7647 -5445
-296010 -632649
-937619 -56196
-999976 -294527
-199392 662411
-368813 606447
798823 869945
-880599 616843
-467187 -57734
-692471 264612
594775 -216760
223465 -528966
-135334 111677
82190 -458971
665372 31751
-294069 -470803
99799 -654919
579364 163204
-938638 -515623
285352 -342208
-886044 -656699
-377569 -857702
-640361 -533679
127484 -830293
212651 -398877
-990599 174849
721553 837419
-839736 -268447
-65473 363382
-649968 -740288
-465259 231651
550496 16791
-838710 -198691
388721 -52042
416150 -757745
-631775 909199
929199 -179944
-657261 -632419
-100763 -72266
147480 913342
489400 249578
-852491 767833
378567 -234114
-616694 486365
713274 521936
-177964 992935
763788 -308137
139 -707015
613913 112426
39189 177627
299274 -95411
3474 383639
6752 60864
74579 -229458
385065 760468
-163466 -152289
-55985 152900
449091 22777
354414 921448
111968 909504
-748358 -103908
-527048 121560
-887738 -241496
29579 741888
981703 178412
-346417 -542550
684435 -728850
725308 880063
-374356 183217
932579 880080
378914 -452826
917347 776914
19302 -583481
905235 639705
-606852 199820
-453527 368647
-347862 509908
989902 -851141
-431519 665553
-275474 -454774
-438730 409502
-732268 548526
-916043 167161
242872 -447283
-623774 989300
-739875 -88152
547343 -104648
-168358 480396
-650059 850331
-552319 -189020
-994828 137040
636812 -189400
366371 681261
-626619 248895
-980963 836093
-443206 -525460
669768 -798157
614154 -78848
-268561 688669
363525 -376314
-838849 -323053
-430288 82370
83810 191803
39749 732751
431498 -593620
-295199 -267604
19416 490431
621391 -115899
-372438 36925
275364 62697
392885 -884116
326810 -782926
446068 -575694
307737 327981
